G
3 2 0 0 0 3
A7
-1 0 2 0 2 0
D7
-1 0 0 2 1 2
E7
0 2 0 1 0 0
D
-1 -1 0 2 3 2
D
-1 0 0 2 3 2
D
5 5 7 7 7 5
D
10 12 12 11 10 10
Dm
-1 0 0 2 3 1
C7
-1 3 2 3 1 0
D
-1 5 4 2 3 2
G#
4 6 6 5 4 4
G#
4 3 1 1 1 -1
G#
-1 -1 1 1 1 4
G#
8 -1 6 8 9 -1
Gm7
3 5 3 3 3 3
Gm7
-1 -1 3 3 3 3
Gm7
-1 1 3 0 3 -1
Gm7
-1 -1 5 7 6 6
Cm7
-1 3 5 3 4 3
Cm7
-1 -1 1 3 1 3
Cm7
3 -1 1 3 1 -1
Cm7
-1 -1 5 5 4 6
D#
-1 -1 3 1 2 1
D#
6 6 8 8 8 6
D#
-1 1 1 3 4 3
D#
2 -1 1 2 3 -1
G7
3 2 0 0 0 1
G7
3 -1 3 4 3 -1
G7
-1 -1 5 4 3 4
G7
7 -1 5 7 6 -1
A#
-1 1 3 3 3 1
A#
-1 -1 0 3 3 1
A#
1 1 3 3 3 1
A#
6 5 3 3 3 -1
