A
0 0 2 2 2 0
A#
-1 -1 0 3 3 1
A#
1 1 3 3 3 1
A#
6 5 3 3 3 -1
A#
-1 1 3 3 3 1
A#+
-1 -1 4 3 3 2
A#-5
-1 1 2 3 3 -1
A#11
-1 1 1 1 1 1
A#6
1 1 3 3 3 3
A#7
1 1 3 1 3 1
A#7+5
-1 1 0 1 3 2
A#7sus4
6 8 6 8 6 6
A#9
-1 1 0 1 1 1
A#dim
-1 1 2 0 2 0
A#m
1 1 3 3 2 1
A#m11
6 6 6 6 6 6
A#m7
1 1 3 1 2 1
A#m7-5
-1 -1 2 3 2 4
A#m9
6 8 6 6 6 8
A#maj7
-1 -1 3 3 3 5
A#maj9
1 1 3 2 1 1
A#mmaj7
1 1 3 2 2 1
A#sus4
1 1 3 3 4 1
A+
-1 0 3 2 2 1
A-5
-1 0 1 2 2 -1
A11
-1 0 0 0 0 0
A6
0 0 2 2 2 2
A7
0 0 2 2 2 3
A7
-1 0 2 0 2 0
A7+5
-1 0 3 0 2 1
A7-5
-1 0 1 0 2 -1
A7sus4
0 0 2 0 3 0
A9
0 0 2 0 0 0
Adim
-1 0 1 2 1 2
Am
0 0 2 2 1 0
Am11
5 5 5 5 5 5
Am6
0 0 2 2 1 2
Am7
0 0 2 2 1 3
Am7-5
-1 0 1 2 1 3
Am9
5 7 5 5 5 7
Amaj7
0 0 2 1 2 0
Amaj9
0 0 2 1 0 0
Ammaj7
5 7 6 5 5 5
Asus4
0 0 2 2 3 0
B
2 2 4 4 4 2
B
-1 -1 4 4 4 2
B
7 9 9 8 7 7
B+
0 2 1 0 0 3
B-5
-1 2 3 4 4 -1
B11
-1 2 2 2 2 2
B6
7 9 9 8 9 7
B7
-1 2 4 2 4 2
B7
-1 2 1 2 0 2
B7
7 9 7 8 7 7
B7+5
-1 -1 7 8 8 7
B7-5
-1 2 3 2 4 -1
B7sus4
-1 2 2 2 0 -1
B9
-1 2 1 2 2 -1
Bdim
-1 2 0 1 0 1
Bm
-1 2 4 4 3 2
Bm
-1 -1 4 4 3 2
Bm
2 2 4 4 3 2
Bm11
7 7 7 7 7 7
Bm6
-1 2 0 1 0 2
Bm7
2 2 4 2 3 2
Bm7-5
-1 2 0 2 0 1
Bm9
-1 2 0 2 2 2
Bmaj7
-1 -1 4 4 4 6
Bmaj9
2 2 4 3 2 2
Bmmaj7
2 2 4 3 3 2
Bsus4
2 2 4 4 5 2
C
3 3 2 0 1 0
C#
4 4 6 6 6 4
C#+
-1 4 3 2 2 -1
C#11
-1 4 4 4 4 4
C#5
-1 4 5 6 6 -1
C#6
-1 4 3 3 2 -1
C#7
4 4 6 4 6 4
C#7+5
-1 -1 7 6 6 7
C#7sus4
-1 4 4 4 2 2
C#9
4 4 6 4 4 4
C#dim
-1 -1 2 3 2 3
C#m
4 4 6 6 5 4
C#m11
9 9 9 9 9 9
C#m6
-1 -1 6 6 5 6
C#m7
4 4 6 4 5 4
C#m7-5
-1 -1 11 12 12 12
C#m9
9 11 9 9 9 11
C#maj7
-1 -1 6 6 6 8
C#sus4
4 4 6 6 7 4
C+
-1 3 2 1 1 0
C11
-1 3 3 3 3 3
C5
-1 3 4 5 5 0
C6
-1 3 2 2 1 0
C7
-1 3 2 3 1 0
C7+5
-1 3 6 3 5 4
C7-5
-1 3 4 3 5 -1
C7sus4
0 3 3 3 1 1
C9
3 3 5 3 3 3
Cdim
-1 -1 1 2 1 2
Cm
3 3 5 5 4 3
Cm11
8 8 8 8 8 8
Cm6
-1 -1 5 5 4 5
Cm7
-1 3 5 3 4 3
Cm7
-1 -1 1 3 1 3
Cm7
3 -1 1 3 1 -1
Cm7
-1 -1 5 5 4 6
Cm7
3 3 5 3 4 3
Cm7-5
-1 -1 4 5 4 6
Cm9
8 10 8 8 8 10
Cmaj7
3 3 2 0 0 0
Cmaj9
3 3 5 4 3 3
Cmmaj7
3 3 5 4 4 3
Csus4
-1 3 3 0 1 1
D
10 12 12 11 10 10
D
-1 -1 0 2 3 2
D
-1 5 4 2 3 2
D
-1 0 0 2 3 2
D
5 5 7 7 7 5
D#
-1 -1 3 1 2 1
D#
6 6 8 8 8 6
D#
-1 1 1 3 4 3
D#
2 -1 1 2 3 -1
D#+
-1 -1 1 0 0 3
D#-5
-1 6 7 8 8 -1
D#11
-1 6 6 6 6 6
D#6
-1 1 1 3 1 3
D#7
6 6 8 6 8 6
D#7+5
-1 -1 11 12 12 11
D#7+9
11 13 11 12 11 14
D#7-5
-1 -1 7 8 8 9
D#7sus4
-1 6 6 6 4 4
D#9
-1 -1 1 0 2 1
D#m
6 6 8 8 7 6
D#m11
11 11 11 11 11 11
D#m6
-1 1 1 3 1 2
D#m7
6 6 8 6 7 6
D#m7-5
-1 -1 1 2 2 2
D#m9
11 13 11 11 11 13
D#maj7
-1 -1 8 8 8 10
D#maj9
-1 1 1 3 3 1
D#mmaj7
-1 1 1 3 3 2
D#sus4
11 13 13 13 11 11
D+
-1 -1 0 3 3 2
D11
-1 5 5 5 5 5
D6
-1 0 0 2 0 2
D7
-1 0 0 2 1 2
D7sus4
-1 0 0 2 1 3
D9
-1 0 0 2 1 0
Ddim
-1 -1 0 1 0 1
Dm
-1 0 0 2 3 1
Dm6
-1 0 0 2 0 1
Dm7
-1 0 0 2 1 1
Dm7-5
-1 -1 0 1 1 1
Dm9
10 12 10 10 10 12
Dmaj7
-1 0 0 2 2 2
Dmaj9
-1 0 0 2 2 0
Dmmaj7
-1 0 0 2 2 1
Dsus4
-1 0 0 2 3 3
E
0 2 2 1 0 0
E-5
0 1 2 1 -1 -1
E11
-1 7 7 7 7 7
E6
0 2 2 1 2 0
E7
0 2 0 1 0 0
E7+5
-1 -1 0 1 1 0
E7-5
-1 -1 2 3 3 4
E7sus4
0 2 0 2 0 0
E9
0 2 0 1 0 2
Edim
0 1 2 0 2 0
Em
0 2 2 0 0 0
Em11
0 0 0 0 0 0
Em6
0 2 2 0 2 0
Em7
0 2 0 0 0 0
Em7-5
-1 -1 2 3 3 3
Em9
0 2 0 0 0 2
Emaj7
-1 -1 9 9 9 11
Emaj9
0 2 2 4 4 2
Emmaj7
0 2 1 0 0 0
Esus4
0 2 2 2 0 0
G
3 2 0 0 0 3
G#
4 3 1 1 1 -1
G#
-1 -1 1 1 1 4
G#
8 -1 6 8 9 -1
G#
4 6 6 5 4 4
G#+
-1 -1 2 1 1 0
G#-5
-1 -1 6 5 3 4
G#11
4 6 4 6 4 6
G#6
-1 6 6 8 6 8
G#7
4 6 4 5 4 4
G#7+5
-1 -1 2 1 1 2
G#7-5
-1 -1 0 1 1 2
G#7sus4
4 6 4 6 4 4
G#9
4 6 4 5 4 6
G#m
4 6 6 4 4 4
G#m11
4 4 4 4 4 4
G#m6
4 6 6 4 6 4
G#m7
4 6 4 4 4 4
G#m7-5
-1 -1 0 1 0 2
G#m9
4 6 4 4 4 6
G#maj7
-1 -1 1 1 1 3
G#maj9
-1 6 6 8 8 6
G#mmaj7
4 6 5 4 4 4
G#sus4
4 6 6 6 4 4
G+
-1 -1 5 4 4 3
G-5
-1 -1 5 6 8 7
G11
3 5 3 5 3 5
G6
3 2 0 0 0 0
G7
3 2 0 0 0 1
G7
3 -1 3 4 3 -1
G7
-1 -1 5 4 3 4
G7
7 -1 5 7 6 -1
G7+5
-1 -1 1 0 0 1
G7-5
-1 -1 5 6 6 7
G7sus4
3 5 3 5 3 3
G9
3 5 3 4 3 5
Gm
3 5 5 3 3 3
Gm11
3 3 3 3 3 3
Gm6
3 5 5 3 5 3
Gm7
-1 -1 5 7 6 6
Gm7
3 5 3 3 3 3
Gm7
-1 -1 3 3 3 3
Gm7
-1 1 3 0 3 -1
Gm7-5
-1 -1 5 6 6 6
Gmaj7
3 2 0 0 0 2
Gmaj9
-1 5 5 7 7 5
Gmmaj7
3 5 4 3 3 3
Gsus4
3 -1 0 0 1 3
